1
2
3
5
7
11
13
17
23
31
41
43
53
61
71
101
103
107
113
131
151
211
223
233
241
251
311
313
331
401
421
431
503
521
601
701
1013
1021
1031
1033
1051
1061
1103
1123
1151
1201
1213
1223
1231
1301
1303
1321
1511
1601
2003
2011
2111
2113
2131
2141
2203
2213
2221
2311
2411
3001
3011
3023
3041
3121
3203
3221
3301
4001
4003
4013
4021
4111
4201
4211
5003
5011
5021
5101
6011
6101
7001
10007
10061
10103
10111
10133
10141
10151
10211
10223
10301
10303
10313
10321
10331
10501
10601
11003
11113
11131
11213
11311
11321
11411
12011
12041
12101
12113
12203
12211
12301
12401
13001
13003
13103
13121
14011
15101
16001
20011
20021
20023
20051
20101
20113
20123
20201
20231
20411
21001
21011
21013
21023
21031
21101
21121
21211
21221
21401
22003
22013
22031
22111
23003
23011
23021
23201
24001
30011
30013
30103
30113
30203
30211
31013
31121
32003
40013
40031
40111
41011
41201
42101
50021
50101
50111
51001
60101
61001
70001
time elapsed:0.813488
